1000, 1, 37
1001, 2, 37
1002, 3, 37
1003, 4, 37
1004, 1, 36
1005, 2, 36
1006, 3, 36
1007, 4, 36
1008, 5, 36
1009, 6, 36
1010, 1, 44
1011, 2, 44
1012, 3, 44
1013, 1, 89
1014, 2, 89
1015, 3, 89
1016, 4, 89
1017, 5, 89
1018, 6, 89
1019, 7, 89
1020, 8, 89
1021, 9, 89
1022, 10, 89
1023, 11, 89
1024, 12, 89
1025, 13, 89
1026, 14, 89
1027, 001, 27
1028, 002, 27
1029, 003, 27
1030, 004, 27
1031, 005, 27
1032, 006, 27
1033, 007, 27
1034, 008, 27
1035, 009, 27
1036, 010, 27
1037, 011, 27
1038, 012, 27
1039, 1, 26
1040, 2, 26
1041, 3, 26
1042, 4, 26
1043, 5, 26
1044, 6, 26
1045, 7, 26
1046, 8, 26
1047, 9, 26
1048, 10, 26
1049, 11, 26
1050, 12, 26
1051, 13, 26
1052, 14, 26
1053, 1, 1
1054, 2, 1
1055, 3, 1
1056, 4, 1
1057, 5, 1
1058, 6, 1
1059, 7, 1
1060, 8, 1
1061, 9, 1
1062, 10, 1
1063, 11, 1
1064, 12, 1
1065, 1, 57
1066, 2, 57
1067, 0, 57
1068, 365, 171
1069, 366, 171
1070, 367, 171
1071, 368, 171
1072, 369, 171
1073, 1, 4
1074, 2, 4
1075, 3, 4
1076, 4, 4
1077, 5, 4
1078, 6, 4
1079, 7, 4
1080, 8, 4
1081, 9, 4
1082, 10, 4
1083, 11, 4
1084, 12, 4
1085, 13, 4
1086, 14, 4
1087, 15, 4
1088, 16, 4
1089, 17, 4
1090, 18, 4
1091, 19, 4
1092, 1, 178
1093, 2, 178
1094, 3, 178
1095, 4, 178
1096, 5, 178
1097, 6, 178
1098, 7, 178
1099, 8, 178
1100, 9, 178
1101, 10, 178
1102, 11, 178
1103, 12, 178
1104, 13, 178
1105, 1, 45
1106, 2, 45
1107, 3, 45
1108, 4, 45
1109, 5, 45
1110, 6, 45
1111, 7, 45
1112, 8, 45
1113, 9, 45
1114, 10, 45
1115, 11, 45
1116, 12, 45
1117, 115, 45
1118, 116, 45
1119, 117, 45
1120, 118, 45
1121, 119, 45
1122, 120, 45
1123, 121, 45
1124, 122, 45
1125, 123, 45
1126, 124, 45
1127, 125, 45
1128, 1, 28
1129, 2, 28
1130, 3, 28
1131, 1, 3
1132, 2, 3
1133, 3, 3
1134, 4, 3
1135, 5, 3
1136, 6, 3
1137, 1, 20
1138, 2, 20
1139, 3, 20
1140, 1, 18
1143, 3, 18
1144, 2, 18
1145, 1, 137
1146, 2, 137
1147, 3, 137
1148, 4, 137
1149, 5, 137
1150, 6, 137
1151, 7, 137
1152, 8, 137
1153, 1, 188
1154, 2, 188
1161, 2, 189
1162, 3, 189
1163, 1, 189
1164, 1, 190
1165, 2, 190
1166, 3, 190
1167, 1, 140
1168, 2, 140
1169, 3, 140
1170, 4, 140
1171, 5, 140
1172, 6, 140
1173, 1, 86
1174, 1, 90
1175, 2, 90
1181, 6, 87
1182, 7, 87
1183, 8, 87
1184, 9, 87
1185, 8, 25
1186, 9, 25
1187, 10, 25
1188, 12, 25
1189, 1, 87
1190, 2, 87
1191, 3, 87
1192, 4, 87
1193, 5, 87
1194, 1, 141
1195, 2, 141
1196, 3, 141
1197, 1, 191
1198, 2, 191
1199, 135, 31
1200, 136, 31
1201, 137, 31
1202, 138, 31
1203, 1, 131
1204, 2, 131
1205, 3, 131
1206, 4, 131
1207, 5, 131
1208, 6, 131
1209, 7, 131
1210, 1, 130
1211, 2, 130
1212, 3, 130
1213, 4, 130
1214, 5, 130
1215, 6, 130
1216, 7, 130
1217, 1, 56
1218, 2, 56
1219, 3, 56
1220, 4, 56
1221, 5, 56
1222, 6, 56
1223, 7, 56
1224, 8, 56
1225, 9, 56
1226, 10, 56
1227, 11, 56
1228, 12, 56
1229, 1, 192
1230, 2, 192
1231, 3, 192
1232, 4, 192
1233, 5, 192
1234, 6, 192
1235, 1, 193
1236, 2, 193
1237, 3, 193
1238, 4, 193
1239, 5, 193
1240, 1, 195
1241, 2, 195
1242, 3, 195
1243, 4, 195
1244, 5, 195
1245, 6, 195
1246, 7, 195
1247, 8, 195
1248, 9, 195
1249, 10, 195
1250, 11, 195
1251, 1, 194
1252, 2, 194
1253, 3, 194
1254, 1, 196
1255, 2, 196
1256, 3, 196
1257, 4, 196
1258, 5, 196
1259, 6, 196
1260, 1, 59
1261, 2, 59
1262, 3, 59
1263, 4, 59
1264, 5, 59
1265, 1, 27
1266, 11, 25
1267, 1, 25
1268, 2, 25
1269, 3, 25
1270, 2, 86
1271, 3, 86
1272, 4, 86
1273, 5, 86
1274, 6, 86
1275, 7, 86
1276, 8, 86
1277, 9, 86
1278, 10, 86
1279, 11, 86
1280, 12, 86
1281, 13, 86
1282, 14, 86
1283, 15, 86
1284, 1, 177
1285, 2, 177
1286, 3, 177
1287, 4, 177
1288, 5, 177
1289, 6, 177
1290, 7, 177
1291, 8, 177
1292, 9, 177
1293, 10, 177
1294, 11, 177
1295, 12, 177
1296, 1, 11
1297, 2, 11
1298, 3, 11
1299, 4, 11
1300, 5, 11
1301, 6, 11
1302, 7, 11
1303, 1, 107
1304, 2, 107
1305, 3, 107
1306, 4, 107
1307, 5, 107
1308, 6, 107
1309, 7, 107
1310, 8, 107
1311, 9, 107
1312, 10, 107
1313, 11, 107
1314, 12, 107
1315, 13, 107
1316, 14, 107
1317, 1, 24
1318, 2, 24
1319, 3, 24
1320, 4, 24
1321, 5, 24
1322, 1, 110
1323, 2, 110
1324, 3, 110
1325, 4, 110
1326, 5, 110
1327, 6, 110
1328, 7, 110
1329, 1, 179
1330, 2, 179
1331, 3, 179
1332, 4, 179
1333, 5, 179
1334, 6, 179
1335, 7, 179
1336, 8, 179
1337, 9, 179
1338, 10, 179
1339, 1, 9
1340, 2, 9
1341, 3, 9
1342, 1, 187
1343, 2, 187
1344, 3, 187
1345, 4, 187
1346, 5, 187
1347, 6, 187
1348, 7, 187
1349, 8, 187
1350, 9, 187
1351, 1, 41
1352, 2, 41
1353, 3, 41
1354, 4, 41
1355, 5, 41
1356, 6, 41
1357, 1, 119
1358, 2, 119
1359, 3, 119
1360, 4, 119
1361, 5, 119
1362, 1, 94
1363, 2, 94
1364, 3, 94
1365, 4, 94
1366, 5, 94
1367, 6, 94
1368, 1, 136
1369, 2, 136
1370, 3, 136
1371, 4, 136
1372, 5, 136
1373, 6, 136
1374, 1, 16
1375, 2, 16
1376, 3, 16
1377, 4, 16
1378, 5, 16
1379, 6, 16
1380, 7, 16
1381, 8, 16
1382, 1, 8
1383, 2, 8
1384, 3, 8
1385, 4, 8
1386, 5, 8
1387, 6, 8
1388, 7, 8
1389, 8, 8
1390, 1, 58
1391, 2, 58
1392, 3, 58
1393, 4, 58
1394, 5, 58
1395, 6, 58
1396, 7, 58
1397, 8, 58
1398, 9, 58
1399, 1, 21
1400, 2, 21
1401, 1, 22
1402, 2, 22
1403, 3, 22
1404, 4, 22
1405, 1, 108
1406, 2, 108
1407, 1, 162
1408, 2, 162
1409, 3, 162
1410, 4, 162
1411, 5, 162
1412, 6, 162
1413, 7, 162
1414, 8, 162
1428, 10, 106
1429, 12, 106
1430, 13, 106
1431, 1, 106
1432, 2, 106
1433, 3, 106
1434, 4, 106
1435, 5, 106
1436, 6, 106
1437, 7, 106
1438, 8, 106
1439, 9, 106
1440, 1, 111
1441, 1, 98
1442, 2, 98
1443, 3, 98
1444, 4, 98
1445, 1, 100
1446, 2, 100
1447, 1, 185
1448, 2, 185
1449, 3, 185
1450, 4, 185
1451, 5, 185
1452, 6, 185
1453, 7, 185
1454, 1, 95
1455, 2, 95
1456, 3, 95
1457, 4, 95
1458, 5, 95
1459, 6, 95
1460, 1, 116
1461, 2, 116
1462, 3, 116
1463, 1, 183
1464, 2, 183
1465, 3, 183
1466, 4, 183
1467, 5, 183
1468, 6, 183
1469, 7, 183
1470, 1, 184
1471, 2, 184
1472, 3, 184
1473, 4, 184
1474, 5, 184
1475, 1, 176
1476, 2, 176
1477, 3, 176
1478, 4, 176
1479, 5, 176
1480, 6, 176
1481, 7, 176
1482, 8, 176
1483, 9, 176
1484, 10, 176
1485, 11, 176
1486, 12, 176
1493, 6, 186
1494, 1, 186
1495, 2, 186
1496, 3, 186
1497, 4, 186
1498, 5, 186
1504, 1, 180
1505, 2, 180
1506, 1, 181
1507, 2, 181
1508, 3, 181
1509, 4, 181
1510, 1, 117
1511, 2, 117
1512, 3, 117
1513, 4, 117
1514, 1, 121
1515, 2, 121
1516, 3, 121
1517, 4, 121
1518, 1, 71
1519, 2, 71
1520, 3, 71
1521, 1, 125
1522, 2, 125
1523, 3, 125
1524, 1, 126
1525, 2, 126
1526, 3, 126
1527, 1, 40
1528, 2, 40
1529, 3, 40
1530, 4, 40
1531, 1, 127
1534, 1, 64
1535, 2, 64
1536, 3, 64
1537, 1, 172
1538, 2, 172
1539, 3, 172
1540, 4, 172
1541, 295, 172
1542, 297, 172
1543, 298, 172
1544, 296, 172
1545, 1, 135
1546, 2, 135
1547, 3, 135
1548, 4, 135
1549, 5, 135
1550, 6, 135
1551, 7, 135
1552, 8, 135
1553, 9, 135
1554, 10, 135
1555, 11, 135
1556, 12, 135
1557, 13, 135
1558, 14, 135
1559, 15, 135
1560, 16, 135
1561, 17, 135
1562, 1, 29
1563, 1, 182
1564, 2, 182
1565, 3, 182
1566, 4, 182
1567, 5, 182
1568, 6, 182
1569, 7, 182
1570, 8, 182
1571, 9, 182
1585, 13, 173
1586, 14, 173
1587, 15, 173
1588, 16, 173
1589, 1, 173
1590, 2, 173
1591, 3, 173
1592, 4, 173
1593, 5, 173
1594, 6, 173
1595, 7, 173
1596, 8, 173
1597, 9, 173
1598, 10, 173
1599, 11, 173
1600, 1, 174
1601, 2, 174
1602, 3, 174
1603, 4, 174
1604, 5, 174
1605, 6, 174
1606, 7, 174
1607, 8, 174
1608, 9, 174
1609, 10, 174
1610, 11, 174
1611, 12, 174
1612, 13, 174
1613, 14, 174
1614, 15, 174
1615, 1, 175
1616, 2, 175
1617, 3, 175
1618, 4, 175
1619, 5, 175
1620, 6, 175
1621, 7, 175
1622, 8, 175
1623, 9, 175
1624, 10, 175
1625, 1, 134
1626, 2, 134
1627, 3, 134
1628, 4, 134
1629, 5, 134
1630, 6, 134
1631, 7, 134
1632, 8, 134
1633, 9, 134
1634, 10, 134
1635, 11, 134
1636, 12, 134
1637, 13, 134
1638, 14, 134
1639, 15, 134
1640, 16, 134
1641, 17, 134
1642, 18, 134
1643, 19, 134
1644, 20, 134
1645, 21, 134
1646, 22, 134
1647, 23, 134
1648, 24, 134
1649, 25, 134
1650, 1, 200
1651, 2, 200
1652, 3, 200
1653, 4, 200
1654, 5, 200
1655, 1, 201
1656, 2, 201
1657, 3, 201
1658, 4, 201
1659, 5, 201
1660, 1, 202
1661, 2, 202
1662, 3, 202
1663, 4, 202
1664, 1, 203
1665, 2, 203
1666, 1, 204
1667, 2, 204
1668, 3, 204
1669, 4, 204
1670, 1, 205
1671, 2, 205
1672, 3, 205
1673, 1, 206
1674, 2, 206
1675, 3, 206
1676, 4, 206
1677, 5, 206
1678, 6, 206
1679, 7, 206
1680, 8, 206
1681, 9, 206
1682, 10, 206
1683, 1, 207
1684, 2, 207
1685, 3, 207
1686, 4, 207
1687, 5, 207
1688, 6, 207
1689, 7, 207
1690, 8, 207
1691, 9, 207
1692, 10, 207
1695, 1, 208
1696, 1, 209
1697, 2, 209
1698, 3, 209
1699, 4, 209
1700, 1, 210
1701, 2, 210
1702, 3, 210
1703, 4, 210
1704, 1, 211
1705, 2, 211
1706, 3, 211
1707, 4, 211
1708, 5, 211
1709, 1, 212
1710, 2, 212
1711, 3, 212
1712, 4, 212
1713, 1, 213
1714, 2, 213
1715, 3, 213
1716, 4, 213
1717, 1, 214
1718, 2, 214
1719, 1, 215
1720, 2, 215
1721, 3, 215
1722, 4, 215
1723, 5, 215
1724, 1, 216
1725, 1, 217
1726, 2, 217
1727, 3, 217
1728, 1, 218
1729, 2, 218
1730, 3, 218
1731, 1, 219
1732, 2, 219
1733, 1, 220
1734, 2, 220
1735, 3, 220
1736, 4, 220
1737, 5, 220
1738, 6, 220
1739, 7, 220
1740, 8, 220
1741, 9, 220
1742, 10, 220
1743, 1, 221
1744, 2, 221
1745, 3, 221
1746, 4, 221
1747, 5, 221
1748, 6, 221
1749, 7, 221
1750, 8, 221
1751, 9, 221
1753, 10, 221
1754, 11, 221
1755, 12, 221
1756, 400, 221
1757, 401, 221
1758, 402, 221
1759, 403, 221
1760, 1, 222
1761, 2, 222
1762, 3, 222
1763, 1, 223
1764, 2, 223
1765, 3, 223
1766, 4, 223
1767, 1, 224
1768, 1, 225
1769, 1, 226
1770, 2, 226
1771, 3, 226
1772, 1, 227
1773, 2, 227
1774, 1, 228
1775, 1, 229
1776, 2, 229
1777, 1, 230
1778, 2, 230
1779, 3, 230
1780, 4, 230
1781, 5, 230
1782, 6, 230
1783, 7, 230
1784, 8, 230
1785, 9, 230
1786, 10, 230
1787, 11, 230
1788, 12, 230
1789, 13, 230
1790, 14, 230
1797, 214, 231
1798, 1, 232
1799, 2, 232
1800, 3, 232
1801, 4, 232
1802, 5, 232
1803, 1, 233
1804, 2, 233
1805, 3, 233
1806, 4, 233
1807, 1, 234
1808, 2, 234
1809, 1, 236
1810, 2, 236
1811, 3, 236
1812, 4, 236
1816, 7, 236
1817, 8, 236
1818, 9, 236
1819, 10, 236
1820, 11, 236
1821, 12, 236
1822, 5, 236
1823, 6, 236
1824, 1, 237
1825, 2, 237
1826, 1, 238
1827, 2, 238
1828, 3, 238
1829, 4, 238
1830, 5, 238
1831, 1, 239
1832, 2, 239
1833, 3, 239
1834, 4, 239
1836, 1, 68
1837, 2, 68
1838, 3, 68
1839, 4, 68
1840, 1, 240
1841, 2, 240
1842, 3, 240
1843, 4, 240
1844, 5, 240
1845, 6, 240
1846, 7, 240
1847, 8, 240
1848, 1, 133
1849, 2, 133
1850, 3, 133
1851, 1, 241
1852, 1, 38
1853, 2, 38
1854, 3, 38
1855, 1, 39
1856, 2, 39
1857, 3, 39
1858, 4, 39
1859, 5, 39
1860, 1, 109
1861, 2, 109
1862, 3, 109
1863, 1, 163
1864, 2, 163
1865, 3, 163
1866, 4, 163
1867, 5, 163
1868, 6, 163
1869, 1, 114
1870, 2, 114
1871, 3, 114
1872, 4, 114
1873, 5, 114
1874, 6, 114
1875, 1, 170
1876, 2, 170
1877, 3, 170
1878, 4, 170
1879, 5, 170
1880, 6, 170
1881, 7, 170
1882, 8, 170
1883, 9, 170
1884, 1, 146
1885, 2, 146
1886, 3, 146
1887, 4, 146
1888, 5, 146
1889, 6, 146
1890, 7, 146
1891, 1, 164
1892, 2, 164
1893, 3, 164
1894, 4, 164
1895, 5, 164
1896, 6, 164
1897, 7, 164
1898, 8, 164
1899, 1, 165
1900, 2, 165
1901, 3, 165
1902, 4, 165
1903, 5, 165
1904, 6, 165
1905, 7, 165
1906, 1, 147
1907, 2, 147
1908, 3, 147
1909, 4, 147
1910, 5, 147
1911, 6, 147
1912, 7, 147
1913, 8, 147
1914, 9, 147
1915, 10, 147
1916, 3, 180
1917, 4, 180
1918, 5, 180
1919, 1, 169
1920, 2, 169
1921, 3, 169
1922, 4, 169
1923, 5, 169
1924, 6, 169
1925, 7, 169
1926, 8, 169
1927, 9, 169
1928, 10, 169
1929, 11, 169
1930, 12, 169
1931, 13, 169
1932, 14, 169
1933, 15, 169
1934, 16, 169
1935, 17, 169
1936, 18, 169
1937, 19, 169
1938, 20, 169
1939, 1, 120
1940, 2, 120
1941, 3, 120
1942, 1, 148
1943, 2, 148
1944, 3, 148
1945, 4, 148
1946, 5, 148
1947, 6, 148
1948, 7, 148
1949, 8, 148
1950, 9, 148
1951, 10, 148
1952, 11, 148
1953, 12, 148
1954, 13, 148
1955, 495, 36
1956, 496, 36
1957, 497, 36
1958, 498, 36
1959, 1, 166
1960, 2, 166
1961, 3, 166
1962, 4, 166
1963, 5, 166
1964, 6, 166
1965, 7, 166
1966, 8, 166
1967, 9, 166
1968, 1, 167
1969, 2, 167
1970, 3, 167
1971, 4, 167
1972, 4, 189
1977, 2, 138
1978, 1, 138
1979, 1, 139
1980, 2, 139
1981, 3, 139
1982, 4, 139
1983, 5, 139
1984, 6, 139
1985, 7, 139
1986, 8, 139
1987, 1, 250
1988, 1, 160
1989, 2, 160
1990, 3, 160
1991, 4, 160
1992, 5, 160
1993, 6, 160
1994, 7, 160
1995, 8, 160
1996, 9, 160
1997, 10, 160
1998, 11, 160
1999, 12, 160
2000, 1, 231
2001, 2, 231
2002, 3, 231
2003, 215, 231
2004, 216, 231
2005, 1, 30
2006, 2, 30
2007, 3, 30
2008, 4, 30
2009, 5, 30
2010, 1, 88
2011, 2, 88
2012, 3, 88
2013, 4, 88
2014, 1, 72
2015, 2, 72
2016, 3, 72
2017, 4, 72
2018, 5, 72
2019, 1, 74
2020, 2, 74
2021, 3, 74
2022, 1, 43
2023, 2, 43
2024, 1, 151
2025, 2, 151
2026, 3, 151
2027, 4, 151
2028, 5, 151
2029, 6, 151
2030, 7, 151
2031, 8, 151
2032, 9, 151
2033, 10, 151
2034, 1, 152
2035, 2, 152
2036, 3, 152
2037, 4, 152
2038, 5, 152
2039, 6, 152
2040, 7, 152
2041, 8, 152
2042, 9, 152
2043, 10, 152
2044, 11, 152
2045, 12, 152
2046, 13, 152
2047, 14, 152
2048, 1, 52
2049, 2, 52
2050, 3, 52
2051, 4, 52
2052, 1, 7
2053, 2, 7
2054, 3, 7
2055, 4, 7
2056, 5, 7
2057, 6, 7
2058, 7, 7
2059, 8, 7
2060, 9, 7
2061, 3, 255
2062, 1, 255
2063, 2, 255
2064, 1, 77
2065, 1, 78
2066, 2, 78
2067, 3, 78
2068, 4, 78
2069, 1, 84
2070, 2, 84
2071, 1, 153
2072, 2, 153
2073, 3, 153
2074, 4, 153
2075, 5, 153
2076, 6, 153
2077, 7, 153
2078, 8, 153
2079, 9, 153
2080, 10, 153
2081, 1, 50
2082, 2, 50
2083, 3, 50
2084, 4, 50
2085, 5, 50
2086, 6, 50
2087, 1, 154
2088, 2, 154
2089, 3, 154
2090, 4, 154
2091, 5, 154
2092, 1, 61
2093, 2, 61
2094, 3, 61
2095, 1, 55
2096, 2, 55
2097, 3, 55
2098, 4, 55
2099, 5, 55
2100, 6, 55
2101, 1, 62
2102, 2, 62
2103, 3, 62
2104, 4, 62
2105, 5, 62
2106, 6, 62
2107, 7, 62
2108, 1, 155
2109, 2, 155
2110, 3, 155
2111, 4, 155
2112, 5, 155
2113, 6, 155
2114, 1, 85
2115, 2, 85
2116, 3, 85
2117, 1, 156
2118, 2, 156
2119, 3, 156
2120, 4, 156
2121, 1, 157
2122, 2, 157
2123, 3, 157
2124, 4, 157
2125, 5, 157
2126, 6, 157
2127, 7, 157
2128, 8, 157
2129, 9, 157
2130, 10, 157
2131, 11, 157
2132, 12, 157
2133, 13, 157
2134, 14, 157
2135, 1, 158
2136, 2, 158
2137, 3, 158
2138, 4, 158
2139, 5, 158
2140, 1, 63
2141, 2, 63
2142, 3, 63
2143, 4, 63
2144, 1, 66
2145, 2, 66
2146, 3, 66
2147, 4, 66
2148, 5, 66
2149, 6, 66
2150, 7, 66
2151, 8, 66
2152, 9, 66
2153, 10, 66
2154, 11, 66
2155, 1, 242
2156, 2, 242
2157, 3, 242
2158, 4, 242
2159, 5, 242
2160, 1, 5
2161, 2, 5
2162, 3, 5
2163, 4, 5
2164, 5, 5
2165, 6, 5
2166, 7, 5
2167, 8, 5
2168, 1, 249
2169, 2, 249
2170, 3, 249
2171, 4, 249
2172, 5, 249
2173, 6, 249
2174, 7, 249
2175, 8, 249
2176, 9, 249
2177, 10, 249
2178, 11, 249
2179, 12, 249
2180, 13, 249
2181, 14, 249
2182, 15, 249
2183, 16, 249
2184, 17, 249
2185, 1, 73
2186, 2, 73
2187, 3, 73
2188, 4, 73
2189, 5, 73
2190, 6, 73
2191, 7, 73
2192, 8, 73
2193, 9, 73
2194, 10, 73
2195, 11, 73
2196, 12, 73
2197, 13, 73
2198, 14, 73
2199, 15, 73
2200, 1, 128
2201, 2, 128
2202, 3, 128
2203, 2, 27
2204, 3, 27
2205, 4, 27
2206, 5, 27
2207, 6, 27
2208, 7, 27
2209, 8, 27
2210, 9, 27
2211, 10, 27
2212, 11, 27
2213, 12, 27
2219, 5, 245
2220, 6, 245
2221, 7, 245
2222, 8, 245
2223, 9, 245
2224, 10, 245
2225, 11, 245
2226, 12, 245
2227, 13, 245
2228, 14, 245
2229, 1, 245
2230, 2, 245
2231, 3, 245
2232, 4, 245
2233, 1, 132
2234, 2, 132
2235, 3, 132
2236, 4, 132
2237, 5, 132
2238, 6, 132
2239, 7, 132
2240, 8, 132
2241, 9, 132
2242, 10, 132
2243, 11, 132
2244, 12, 132
2245, 13, 132
2246, 1, 129
2247, 2, 129
2248, 3, 129
2249, 4, 129
2250, 5, 129
2251, 6, 129
2252, 7, 129
2253, 8, 129
2254, 9, 129
2255, 10, 129
2256, 11, 129
2257, 12, 129
2258, 13, 129
2259, 14, 129
2260, 16, 86
2261, 17, 86
2262, 18, 86
2263, 19, 86
2264, 1, 149
2265, 2, 149
2266, 3, 149
2267, 4, 149
2268, 5, 149
2269, 6, 149
2270, 7, 149
2271, 8, 149
2272, 9, 149
2273, 10, 149
2274, 11, 149
2275, 12, 149
2276, 13, 149
2277, 14, 149
2278, 15, 149
2279, 16, 149
2280, 1, 168
2281, 2, 168
2282, 3, 168
2283, 4, 168
2284, 5, 168
2285, 6, 168
2286, 7, 168
2287, 8, 168
2288, 9, 168
2289, 10, 168
2290, 11, 168
2291, 12, 168
2292, 13, 168
2293, 14, 168
2294, 15, 168
2295, 4, 25
2296, 5, 25
2297, 1, 143
2298, 2, 143
2299, 3, 143
2300, 4, 143
2301, 5, 143
2302, 6, 143
2303, 7, 143
2304, 8, 143
2305, 9, 143
2306, 1, 145
2307, 2, 145
2308, 3, 145
2309, 4, 145
2310, 5, 145
2311, 6, 145
2312, 7, 145
2313, 8, 145
2314, 9, 145
2315, 10, 145
2316, 10, 87
2317, 11, 87
2318, 12, 87
2319, 13, 87
2320, 14, 87
2321, 15, 87
2322, 16, 87
2323, 17, 87
2324, 18, 87
2325, 19, 87
2326, 1, 144
2327, 1, 246
2328, 2, 246
2329, 3, 246
2330, 4, 246
2331, 5, 246
2332, 6, 246
2333, 7, 246
2334, 8, 246
2335, 9, 246
2336, 10, 246
2337, 11, 246
2338, 12, 246
2339, 13, 246
2340, 1, 247
2341, 2, 247
2342, 3, 247
2343, 4, 247
2344, 5, 247
2345, 6, 247
2346, 7, 247
2348, 2, 208
2349, 3, 208
2350, 3, 43
2351, 4, 43
2352, 8, 131
2353, 9, 131
2354, 10, 131
2355, 11, 131
2356, 7, 196
2360, 8, 196
2361, 9, 196
2362, 1, 142
2363, 2, 142
2364, 3, 142
2365, 4, 142
2366, 5, 142
2367, 6, 142
2368, 7, 142
2369, 8, 142
2370, 9, 142
2371, 10, 142
2372, 1, 243
2373, 2, 243
2374, 3, 243
2375, 4, 243
2376, 5, 243
2377, 6, 243
2378, 7, 243
2379, 8, 243
2380, 9, 243
2381, 10, 243
2382, 11, 243
2383, 8, 130
2384, 9, 130
2385, 3, 90
2386, 4, 90
2387, 5, 90
2388, 1, 101
2389, 2, 101
2390, 3, 101
2391, 4, 101
2392, 5, 101
2393, 6, 101
2394, 1, 159
2401, 6, 159
2402, 7, 159
2403, 8, 159
2404, 9, 159
2405, 10, 159
2406, 11, 159
2407, 12, 159
2408, 13, 159
2409, 14, 159
2410, 15, 159
2411, 2, 159
2412, 3, 159
2413, 4, 159
2414, 5, 159
2415, 2, 144
2416, 3, 144
2417, 4, 144
2418, 5, 144
2419, 6, 144
2420, 7, 144
2421, 8, 144
2422, 9, 144
2423, 10, 144
2424, 11, 144
2425, 12, 144
2426, 13, 144
2427, 14, 144
2428, 15, 144
2429, 16, 144
2430, 17, 144
2431, 18, 144
2432, 8, 11
2433, 9, 11
2434, 1, 112
2435, 2, 112
2436, 12, 173
2437, 1, 161
2438, 2, 161
2439, 3, 161
2440, 4, 161
2441, 5, 161
2442, 6, 161
2443, 7, 161
2444, 8, 161
2445, 9, 161
2446, 10, 161
2447, 11, 161
2448, 12, 161
2449, 13, 161
2450, 14, 161
2451, 3, 188
2452, 14, 64
2453, 1, 67
2454, 2, 67
2455, 2, 261
2456, 2, 260
2457, 1, 113
2458, 1, 259
2459, 2, 259
2460, 3, 259
2461, 4, 259
2462, 5, 259
2463, 7, 248
2464, 15, 107
2465, 2, 127
2466, 9, 5
2467, 10, 5
2468, 5, 172
2469, 8, 110
2470, 7, 114
2479, 18, 249
2480, 19, 249
2481, 20, 249
2482, 16, 107
2483, 17, 107
2484, 6, 234
2485, 9, 110
2486, 10, 110
2487, 5, 204
2488, 8, 114
2489, 14, 148
2490, 1, 260
2491, 1, 171
2492, 2, 171
2493, 3, 171
2494, 4, 171
2495, 12, 195
2496, 14, 132
2497, 7, 101
2498, 1, 31
2499, 2, 31
2500, 3, 31
2501, 4, 31
2502, 1, 248
2503, 16, 73
2504, 17, 73
2505, 18, 73
2506, 19, 73
2507, 20, 73
2508, 1, 262
2509, 1, 263
2510, 2, 263
2511, 3, 263
2512, 608, 134
2513, 5, 234
2514, 1, 264
2515, 1, 265
2516, 2, 265
2517, 3, 265
2518, 229, 234
2519, 2, 225
2520, 11, 225
2521, 1, 266
2522, 2, 266
2523, 3, 266
2524, 4, 266
2525, 5, 9
2526, 4, 234
2527, 7, 234
2528, 6, 39
2529, 8, 248
2530, 1, 267
2531, 2, 267
2532, 1, 268
2533, 2, 268
2534, 3, 268
2535, 4, 268
2536, 1, 269
2537, 2, 269
2538, 3, 269
2539, 4, 269
2540, 5, 269
2541, 6, 269
2542, 7, 269
2543, 8, 269
2544, 9, 269
2545, 10, 269
2546, 11, 269
2547, 1, 270
2548, 2, 270
2549, 3, 270
2550, 4, 270
2551, 1, 271
2552, 2, 271
2553, 3, 271
2554, 4, 271
2555, 5, 271
2556, 1, 272
2557, 2, 272
2558, 3, 272
2559, 4, 272
2560, 1, 273
2561, 2, 273
2562, 3, 273
2567, 4, 275
2568, 5, 275
2569, 6, 275
2570, 7, 275
2571, 1, 275
2572, 2, 275
2573, 3, 275
2574, 1, 274
2575, 2, 274
2576, 3, 274
2577, 4, 274
2578, 5, 274
2579, 6, 274
2580, 7, 274
2581, 8, 274
2582, 9, 274
2583, 10, 274
2584, 1, 276
2585, 2, 276
2586, 3, 276
2587, 4, 276
2588, 1, 277
2589, 2, 277
2590, 3, 277
2591, 24, 37
2592, 10, 182
2593, 1, 281
2594, 2, 281
2595, 3, 281
2597, 1, 282
2598, 2, 282
2599, 3, 282
2600, 4, 282
2601, 5, 282
2602, 1, 283
2603, 2, 283
2604, 3, 283
2605, 1, 279
2606, 2, 279
2607, 3, 279
2608, 4, 279
2609, 5, 279
2610, 6, 279
2611, 7, 279
2612, 8, 279
2613, 9, 279
2614, 10, 279
2615, 1, 284
2617, 2, 284
2618, 3, 284
2619, 4, 284
2620, 5, 284
2621, 6, 284
2622, 1, 280
2623, 2, 280
2624, 3, 280
2625, 4, 280
2626, 5, 280
2627, 6, 280
2628, 7, 280
2629, 4, 281
2630, 4, 9
2631, 6, 9
2632, 7, 9
2633, 7, 136
2634, 8, 136
2635, 5, 37
2636, 6, 37
2637, 9, 137
2638, 10, 137
2639, 10, 11
2640, 11, 11
2641, 7, 3
2642, 8, 3
2643, 18, 107
2644, 19, 107
2645, 20, 107
2646, 6, 24
2647, 7, 24
2648, 8, 24
2649, 3, 67
2650, 4, 67
2651, 5, 67
2652, 4, 128
2653, 5, 128
2654, 6, 128
2655, 21, 73
2656, 22, 73
2657, 23, 73
2658, 21, 249
2659, 22, 249
2660, 23, 249
2661, 11, 5
2662, 12, 5
2663, 13, 5
2664, 3, 191
2665, 4, 191
2666, 5, 191
2667, 16, 168
2668, 17, 168
2669, 18, 168
2670, 11, 145
2671, 12, 145
2672, 13, 145
2673, 19, 144
2674, 20, 144
2675, 21, 144
2676, 17, 149
2677, 18, 149
2678, 19, 149
2679, 8, 280
2680, 9, 280
2681, 10, 280
2682, 20, 86
2683, 21, 86
2684, 22, 86
2685, 11, 274
2686, 12, 274
2687, 13, 274
2688, 6, 271
2689, 7, 271
2690, 8, 271
2691, 20, 87
2692, 21, 87
2693, 22, 87
2694, 12, 269
2695, 13, 269
2696, 14, 269
2697, 9, 248
2698, 10, 248
2699, 11, 248
2700, 8, 247
2701, 9, 247
2702, 10, 247
2703, 10, 143
2704, 11, 143
2705, 12, 143
2706, 14, 246
2707, 15, 246
2708, 16, 246
2709, 15, 245
2710, 16, 245
2711, 17, 245
2712, 8, 101
2713, 9, 101
2714, 10, 101
2715, 16, 159
2716, 17, 159
2717, 18, 159
2718, 6, 90
2719, 7, 90
2720, 8, 90
2721, 4, 265
2722, 5, 265
2723, 6, 265
2724, 6, 59
2725, 7, 59
2726, 8, 59
2727, 15, 26
2728, 16, 26
2729, 17, 26
2730, 15, 129
2731, 16, 129
2732, 17, 129
2733, 12, 243
2734, 13, 243
2735, 14, 243
2736, 10, 130
2737, 11, 130
2738, 12, 130
2739, 15, 132
2740, 16, 132
2741, 17, 132
2742, 11, 142
2743, 12, 142
2744, 13, 142
2745, 10, 196
2746, 11, 196
2747, 12, 196
2748, 13, 56
2749, 14, 56
2750, 15, 56
2751, 15, 89
2752, 16, 89
2753, 17, 89
2754, 15, 161
2755, 16, 161
2756, 17, 161
2757, 12, 131
2758, 13, 131
2759, 14, 131
2760, 6, 242
2761, 7, 242
2762, 8, 242
2763, 2, 241
2764, 3, 241
2765, 4, 241
2766, 4, 133
2767, 5, 133
2768, 6, 133
2769, 9, 240
2770, 10, 240
2771, 11, 240
2772, 5, 68
2773, 6, 68
2774, 7, 68
2775, 5, 239
2776, 6, 239
2777, 7, 239
2778, 7, 39
2779, 8, 39
2780, 9, 39
2781, 4, 38
2782, 5, 38
2783, 6, 38
2784, 7, 284
2785, 8, 284
2786, 9, 284
2787, 2, 264
2788, 3, 264
2789, 4, 264
2790, 6, 238
2791, 7, 238
2792, 8, 238
2793, 3, 237
2794, 4, 237
2795, 5, 237
2796, 12, 66
2797, 13, 66
2798, 14, 66
2799, 5, 63
2800, 6, 63
2801, 7, 63
2802, 3, 261
2803, 4, 261
2804, 5, 261
2805, 6, 158
2806, 7, 158
2807, 8, 158
2808, 15, 157
2809, 16, 157
2810, 17, 157
2811, 13, 236
2812, 14, 236
2813, 15, 236
2814, 5, 156
2815, 6, 156
2816, 7, 156
2817, 4, 85
2818, 5, 85
2819, 6, 85
2820, 7, 155
2821, 8, 155
2822, 9, 155
2823, 8, 62
2824, 9, 62
2825, 10, 62
2826, 7, 55
2827, 8, 55
2828, 9, 55
2829, 4, 61
2830, 5, 61
2831, 6, 61
2832, 6, 154
2833, 7, 154
2834, 8, 154
2835, 7, 50
2836, 8, 50
2837, 9, 50
2838, 11, 153
2839, 12, 153
2840, 13, 153
2841, 4, 194
2842, 5, 194
2843, 6, 194
2844, 3, 84
2845, 4, 84
2846, 5, 84
2847, 5, 78
2848, 6, 78
2849, 7, 78
2850, 2, 77
2851, 3, 77
2852, 4, 77
2853, 4, 255
2854, 5, 255
2855, 6, 255
2856, 10, 7
2857, 11, 7
2858, 12, 7
2859, 5, 52
2860, 6, 52
2861, 7, 52
2862, 15, 152
2863, 16, 152
2864, 17, 152
2865, 11, 151
2866, 12, 151
2867, 13, 151
2868, 5, 43
2869, 6, 43
2870, 7, 43
2871, 4, 74
2872, 5, 74
2873, 6, 74
2874, 8, 234
2875, 9, 234
2876, 10, 234
2877, 11, 279
2878, 12, 279
2879, 13, 279
2880, 6, 72
2881, 7, 72
2882, 8, 72
2883, 4, 28
2884, 5, 28
2885, 6, 28
2886, 5, 233
2887, 6, 233
2888, 7, 233
2889, 6, 193
2890, 7, 193
2891, 8, 193
2892, 4, 283
2893, 5, 283
2894, 6, 283
2895, 20, 4
2896, 21, 4
2897, 22, 4
2898, 6, 232
2899, 7, 232
2900, 8, 232
2901, 7, 192
2902, 8, 192
2903, 9, 192
2904, 10, 171
2905, 11, 171
2906, 12, 171
2907, 3, 57
2908, 4, 57
2909, 5, 57
2910, 5, 88
2911, 6, 88
2912, 7, 88
2913, 6, 282
2914, 7, 282
2915, 8, 282
2916, 6, 30
2917, 7, 30
2918, 8, 30
2919, 3, 267
2920, 4, 267
2921, 5, 267
2922, 4, 44
2923, 5, 44
2924, 6, 44
2925, 4, 141
2926, 5, 141
2927, 6, 141
2928, 15, 230
2929, 16, 230
2930, 17, 230
2931, 7, 140
2932, 8, 140
2933, 9, 140
2934, 7, 36
2935, 8, 36
2936, 9, 36
2937, 3, 229
2938, 4, 229
2939, 5, 229
2940, 2, 228
2941, 3, 228
2942, 4, 228
2943, 3, 227
2944, 4, 227
2945, 5, 227
2946, 13, 160
2947, 14, 160
2948, 15, 160
2949, 4, 226
2950, 5, 226
2951, 6, 226
2952, 4, 190
2953, 5, 190
2954, 6, 190
2955, 26, 134
2956, 27, 134
2957, 28, 134
2958, 4, 18
2959, 5, 18
2960, 6, 18
2961, 2, 250
2962, 3, 250
2963, 4, 250
2964, 9, 139
2965, 10, 139
2966, 11, 139
2967, 11, 175
2968, 12, 175
2969, 13, 175
2970, 2, 29
2971, 3, 29
2972, 4, 29
2973, 18, 135
2974, 19, 135
2975, 20, 135
2976, 12, 225
2977, 13, 225
2978, 14, 225
2979, 2, 224
2980, 3, 224
2981, 4, 224
2982, 6, 172
2983, 7, 172
2984, 8, 172
2985, 3, 138
2986, 4, 138
2987, 5, 138
2988, 15, 64
2989, 16, 64
2990, 17, 64
2991, 16, 174
2992, 17, 174
2993, 18, 174
2994, 5, 189
2995, 6, 189
2996, 7, 189
2997, 5, 223
2998, 6, 223
2999, 7, 223
3000, 4, 222
3001, 5, 222
3002, 6, 222
3003, 13, 221
3004, 14, 221
3005, 15, 221
3006, 11, 220
3007, 12, 220
3008, 13, 220
3009, 3, 127
3010, 4, 127
3011, 5, 127
3012, 3, 219
3013, 4, 219
3014, 5, 219
3015, 4, 218
3016, 5, 218
3017, 6, 218
3018, 5, 40
3019, 6, 40
3020, 7, 40
3021, 5, 167
3022, 6, 167
3023, 7, 167
3024, 4, 126
3025, 5, 126
3026, 6, 126
3027, 4, 125
3028, 5, 125
3029, 6, 125
3030, 4, 217
3031, 5, 217
3032, 6, 217
3033, 2, 216
3034, 3, 216
3035, 4, 216
3036, 6, 215
3037, 7, 215
3038, 3, 260
3039, 4, 260
3040, 5, 260
3041, 3, 214
3042, 4, 214
3043, 5, 214
3044, 5, 213
3045, 6, 213
3046, 7, 213
3047, 5, 212
3048, 6, 212
3049, 7, 212
3050, 4, 188
3051, 5, 188
3052, 6, 188
3053, 10, 166
3054, 11, 166
3055, 12, 166
3056, 6, 211
3057, 7, 211
3058, 8, 211
3059, 5, 210
3060, 6, 210
3061, 7, 210
3062, 15, 148
3063, 16, 148
3064, 17, 148
3065, 5, 209
3066, 6, 209
3067, 7, 209
3068, 5, 268
3069, 6, 268
3070, 7, 268
3071, 4, 263
3072, 5, 263
3073, 6, 263
3074, 4, 208
3075, 5, 208
3076, 6, 208
3077, 4, 71
3078, 5, 71
3079, 6, 71
3080, 17, 173
3081, 18, 173
3082, 19, 173
3083, 5, 121
3084, 6, 121
3085, 7, 121
3086, 5, 181
3087, 6, 181
3088, 7, 181
3089, 4, 120
3090, 5, 120
3091, 6, 120
3092, 21, 169
3093, 22, 169
3094, 23, 169
3095, 6, 180
3096, 7, 180
3097, 8, 180
3098, 7, 94
3099, 8, 94
3100, 9, 94
3101, 6, 119
3102, 7, 119
3103, 8, 119
3104, 11, 207
3105, 12, 207
3106, 13, 207
3107, 7, 41
3108, 8, 41
3109, 9, 41
3110, 13, 1
3111, 14, 1
3112, 15, 1
3113, 11, 147
3114, 12, 147
3115, 13, 147
3116, 8, 165
3117, 9, 165
3118, 10, 165
3119, 11, 206
3120, 12, 206
3121, 13, 206
3122, 9, 164
3123, 10, 164
3124, 11, 164
3125, 5, 117
3126, 6, 117
3127, 7, 117
3128, 10, 187
3129, 11, 187
3130, 12, 187
3131, 4, 116
3132, 5, 116
3133, 6, 116
3134, 7, 95
3135, 8, 95
3136, 9, 95
3137, 8, 146
3138, 9, 146
3139, 10, 146
3140, 4, 205
3141, 5, 205
3142, 6, 205
3143, 7, 186
3144, 8, 186
3145, 9, 186
3146, 10, 170
3147, 11, 170
3148, 12, 170
3149, 9, 114
3150, 10, 114
3151, 11, 114
3152, 8, 185
3153, 9, 185
3154, 10, 185
3155, 3, 100
3156, 4, 100
3157, 5, 100
3158, 8, 275
3159, 9, 275
3160, 10, 275
3161, 6, 259
3162, 7, 259
3163, 8, 259
3164, 2, 113
3165, 3, 113
3166, 4, 113
3167, 6, 184
3168, 7, 184
3169, 8, 184
3170, 3, 112
3171, 4, 112
3172, 5, 112
3173, 5, 98
3174, 6, 98
3175, 7, 98
3176, 5, 281
3177, 6, 281
3178, 7, 281
3179, 8, 183
3180, 9, 183
3181, 10, 183
3182, 2, 111
3183, 3, 111
3184, 4, 111
3185, 6, 204
3186, 7, 204
3187, 8, 204
3188, 14, 106
3189, 15, 106
3190, 16, 106
3191, 14, 178
3192, 15, 178
3193, 16, 178
3194, 7, 163
3195, 8, 163
3196, 9, 163
3197, 3, 203
3198, 4, 203
3199, 5, 203
3200, 5, 202
3201, 6, 202
3202, 7, 202
3203, 2, 262
3204, 3, 262
3205, 4, 262
3206, 5, 266
3207, 6, 266
3208, 7, 266
3209, 11, 110
3210, 12, 110
3211, 13, 110
3212, 4, 109
3213, 5, 109
3214, 6, 109
3215, 11, 179
3216, 12, 179
3217, 13, 179
3218, 6, 201
3219, 7, 201
3220, 8, 201
3221, 13, 177
3222, 14, 177
3223, 15, 177
3224, 6, 200
3225, 7, 200
3226, 8, 200
3227, 9, 162
3228, 10, 162
3229, 11, 162
3230, 3, 108
3231, 4, 108
3232, 5, 108
3233, 5, 22
3234, 6, 22
3235, 7, 22
3236, 13, 176
3237, 14, 176
3238, 15, 176
3239, 11, 182
3240, 12, 182
3241, 13, 182
3242, 3, 21
3243, 4, 21
3244, 5, 21
3245, 4, 20
3246, 5, 20
3247, 6, 20
3248, 10, 58
3249, 11, 58
3250, 12, 58
3251, 9, 8
3252, 10, 8
3253, 11, 8
3254, 9, 16
3255, 10, 16
3256, 11, 16
3257, 9, 24
3258, 10, 24
3259, 11, 24
3260, 21, 107
3261, 22, 107
3262, 23, 107
3263, 9, 3
3264, 10, 3
3265, 11, 3
3266, 12, 11
3267, 13, 11
3268, 14, 11
3269, 11, 137
3270, 12, 137
3271, 13, 137
3272, 25, 37
3273, 26, 37
3274, 27, 37
3275, 9, 136
3276, 10, 136
3277, 11, 136
3278, 8, 9
3279, 9, 9
3280, 10, 9
3281, 11, 106
3282, 1, 286
3283, 2, 286
3284, 1, 287
3285, 2, 287
3286, 3, 287
3287, 4, 287
3288, 5, 287
3289, 6, 287
3290, 7, 287
3291, 8, 287
3292, 9, 287
3293, 10, 287
3294, 11, 287
3295, 1, 288
3296, 2, 288
3297, 1, 289
3298, 2, 289
3299, 3, 289
3300, 1, 291
3301, 1, 290
3302, 2, 290
3303, 3, 290
3304, 4, 290
3305, 5, 290
3306, 6, 290
3307, 7, 290
3308, 8, 290
3309, 9, 290
3310, 10, 290
3311, 11, 290
3312, 1, 294
3313, 2, 294
3314, 3, 294
3315, 4, 294
3316, 5, 294
3317, 1, 295
3318, 2, 295
3319, 3, 295
3320, 4, 295
3321, 5, 295
3322, 6, 295
3323, 7, 295
3324, 8, 295
3325, 9, 295
3326, 10, 295
3327, 11, 295
3328, 12, 295
3329, 13, 295
3330, 14, 295
3331, 15, 295
3332, 16, 295
3333, 17, 295
3334, 18, 295
3335, 19, 295
3336, 20, 295
3337, 11, 234
3338, 1, 296
3339, 2, 296
3340, 3, 296
3341, 1, 297
3342, 2, 297
3343, 1, 298
3344, 6, 294
3345, 1, 300
3346, 1, 299
3347, 8, 40
3348, 9, 40
3349, 10, 40
3350, 1, 301
3351, 2, 301
3352, 2, 291
3353, 1, 302
3354, 2, 302
3355, 1, 303
3356, 2, 303
3357, 3, 303
3358, 1, 304
3359, 2, 304
3360, 3, 304
3361, 4, 304
3362, 5, 304
3363, 6, 304
3364, 7, 304
3365, 1, 305
3366, 2, 305
3367, 1, 306
3368, 2, 306
3369, 1, 307
3370, 2, 307
3371, 3, 307
3372, 1, 308
3373, 2, 308
3374, 3, 308
3375, 4, 308
3376, 5, 308
3377, 6, 308
3378, 1, 309
3379, 2, 309
3380, 3, 309
3381, 4, 309
3382, 1, 310
3383, 2, 310
3384, 1, 311
3385, 2, 311
3386, 3, 311
3387, 4, 311
3388, 5, 311
3389, 1, 312
3390, 2, 312
3391, 3, 312
3392, 4, 312
3393, 5, 312
3394, 1, 313
3395, 1, 314
3396, 2, 314
3397, 3, 314
3398, 4, 314
3399, 1, 315
3400, 2, 315
3401, 1, 316
3402, 2, 316
3403, 3, 316
3404, 4, 316
3405, 5, 316
3406, 6, 316
3407, 7, 316
3408, 1, 317
3409, 2, 317
3410, 3, 317
3411, 1, 318
3412, 2, 318
3413, 3, 318
3414, 4, 318
3415, 5, 318
3416, 6, 318
3417, 1, 319
3418, 2, 319
3419, 3, 319
3420, 4, 319
3421, 5, 319
3422, 6, 319
3423, 1, 320
3424, 2, 320
3425, 3, 320
3426, 1, 322
3427, 2, 322
3428, 3, 322
3429, 4, 322
3430, 1, 321
3431, 2, 321
3432, 3, 321
3433, 4, 321
3434, 5, 321
3435, 6, 321
3436, 7, 321
3437, 8, 321
3438, 9, 321
3439, 10, 321
3440, 11, 321
3441, 12, 321
3442, 1, 325
3443, 2, 325
3444, 3, 325
3445, 4, 325
3446, 1, 324
3447, 1, 326
3448, 2, 326
3449, 1, 327
3450, 2, 327
3451, 3, 327
3452, 3, 315
3453, 4, 315
3454, 5, 315
3455, 5, 325
3456, 6, 325
3457, 7, 325
3458, 5, 309
3459, 6, 309
3460, 7, 309
3461, 3, 326
3462, 4, 326
3463, 5, 326
3464, 3, 310
3465, 4, 310
3466, 5, 310
3467, 6, 311
3468, 7, 311
3469, 8, 311
3470, 12, 287
3471, 13, 287
3472, 6, 312
3473, 7, 312
3474, 8, 312
3475, 2, 313
3476, 3, 313
3477, 4, 313
3478, 3, 305
3479, 4, 305
3480, 5, 305
3481, 3, 302
3482, 4, 302
3483, 5, 302
3484, 5, 314
3485, 6, 314
3486, 7, 314
3487, 3, 291
3488, 4, 291
3489, 5, 291
3490, 4, 327
3491, 5, 327
3492, 6, 327
3493, 4, 317
3494, 5, 317
3495, 6, 317
3496, 7, 318
3497, 8, 318
3498, 9, 318
3499, 4, 320
3500, 5, 320
3501, 6, 320
3502, 13, 321
3503, 14, 321
3504, 15, 321
3505, 5, 322
3506, 6, 322
3507, 7, 322
3508, 1, 328
3509, 2, 328
3510, 3, 328
3511, 4, 328
3512, 1, 329
3513, 2, 329
3514, 3, 329
3515, 4, 329
3516, 5, 329
3517, 6, 329
3518, 1, 330
3519, 2, 330
3520, 3, 330
3521, 4, 330
3522, 5, 330
3523, 6, 330
3524, 7, 330
3525, 8, 330
3526, 9, 330
3527, 10, 330
3528, 11, 330
3529, 12, 330
3530, 4, 303
3531, 5, 303
3532, 6, 303
3533, 865, 319
3534, 1, 331
3535, 2, 331
3536, 21, 295
3537, 22, 295
3538, 23, 295
3539, 24, 295
3540, 25, 295
3541, 12, 114
3542, 13, 114
3543, 14, 114
3544, 15, 114
3545, 16, 114
3546, 17, 114
3547, 18, 148
3548, 19, 148
3549, 20, 148
3550, 21, 148
3551, 22, 148
3552, 15, 131
3553, 16, 131
3554, 17, 131
3555, 18, 131
3556, 19, 131
3557, 20, 131
3558, 1, 332
3559, 2, 332
3560, 1, 333
3561, 2, 333
3562, 3, 333
3563, 4, 333
3564, 5, 333
3565, 6, 333
3566, 7, 333
3567, 1, 334
3568, 2, 334
3569, 3, 334
3570, 4, 334
3571, 5, 334
3572, 6, 334
3573, 7, 334
3574, 8, 334
3575, 9, 334
3576, 10, 334
3577, 11, 334
3578, 1, 335
3579, 2, 335
3580, 1, 336
3581, 2, 336
3582, 3, 336
3583, 4, 336
3584, 1, 337
3585, 2, 337
3586, 3, 337
3587, 1, 338
3588, 2, 338
3589, 3, 338
3590, 4, 338
3591, 5, 338
3592, 6, 338
3593, 7, 338
3594, 1, 339
3595, 2, 339
3596, 3, 339
3597, 1, 340
3598, 2, 340
3599, 3, 340
3600, 4, 340
3601, 1, 341
3602, 2, 341
3603, 3, 341
3604, 1, 342
3605, 2, 342
3606, 3, 342
3607, 4, 342
3608, 5, 342
3609, 10, 302
3610, 4, 341
3611, 13, 64
3612, 8, 333
3613, 12, 334
3614, 13, 334
3615, 5, 336
3616, 8, 338
3617, 4, 339
3618, 1, 343
3619, 2, 343
3620, 3, 343
3621, 4, 343
3622, 1, 344
3623, 2, 344
3624, 3, 344
3625, 4, 344
3626, 5, 344
3627, 6, 344
3628, 7, 344
3629, 2, 299
3630, 1, 345
3631, 2, 345
3632, 1, 346
3633, 2, 346
3634, 3, 346
3635, 4, 346
3636, 5, 346
3637, 6, 346
3638, 1, 347
3639, 2, 347
3640, 3, 347
3641, 4, 347
3642, 5, 347
3643, 6, 347
3644, 7, 347
3645, 5, 343
3646, 6, 343
3647, 7, 343
3648, 9, 333
3649, 10, 333
3650, 11, 333
3651, 14, 334
3652, 15, 334
3653, 16, 334
3654, 6, 336
3655, 7, 336
3656, 8, 336
3657, 7, 346
3658, 1, 348
3659, 1, 349
3660, 1, 350
3661, 2, 350
3662, 3, 350
3663, 4, 350
3664, 5, 350
3665, 1, 351
3666, 2, 351
3667, 3, 351
3668, 4, 351
3669, 5, 351
3670, 6, 351
3671, 7, 351
3672, 8, 351
3673, 9, 351
3674, 10, 351
3675, 11, 351
3676, 12, 351
3677, 13, 351
3678, 14, 351
3679, 1, 352
3680, 2, 352
3681, 1, 353
3682, 2, 353
3683, 3, 353
3684, 4, 353
3685, 5, 353
3686, 1, 354
3687, 2, 354
3688, 3, 354
3689, 4, 354
3690, 5, 354
3691, 6, 354
3692, 7, 354
3693, 7, 308
3694, 13, 330
3695, 8, 316
3696, 9, 316
3697, 6, 25
3698, 7, 25
3699, 1, 355
3700, 2, 355
3701, 3, 355
3702, 4, 355
3703, 5, 355
3704, 6, 355
3705, 7, 355
3706, 8, 355
3707, 1, 356
3708, 2, 356
3709, 3, 356
3710, 4, 356
3711, 5, 356
3712, 6, 356
3713, 7, 356
3714, 8, 356
3715, 9, 356
3716, 10, 356
3717, 11, 356
3718, 1, 357
3719, 1, 358
3720, 2, 358
3721, 3, 358
3722, 4, 358
3723, 5, 358
3724, 6, 358
3725, 8, 304
3726, 9, 304
3727, 10, 304
3728, 11, 304
3729, 8, 325
3730, 9, 325
3731, 14, 330
3732, 15, 330
3733, 16, 330
3734, 12, 16
3735, 13, 16
3736, 5, 328
3737, 6, 328
3738, 2, 324
3739, 3, 324
3740, 4, 324
3741, 8, 309
3742, 5, 341
3743, 6, 341
3744, 7, 341
3745, 14, 287
3746, 15, 287
3747, 11, 146
3748, 12, 146
3749, 9, 311
3750, 11, 165
3751, 12, 165
3752, 9, 119
3753, 9, 312
3754, 10, 312
3755, 8, 215
3756, 16, 160
3757, 4, 289
3758, 5, 289
3759, 6, 289
3760, 3, 297
3761, 4, 297
3762, 5, 297
3763, 10, 316
3764, 11, 316
3765, 12, 316
3766, 2, 357
3767, 3, 357
3768, 4, 357
3769, 14, 279
3770, 3, 332
3771, 4, 332
3772, 5, 332
3773, 3, 335
3774, 4, 335
3775, 5, 335
3776, 14, 153
3777, 10, 50
3778, 11, 50
3779, 4, 337
3780, 5, 337
3781, 6, 337
3782, 9, 338
3783, 10, 338
3784, 11, 338
3785, 15, 66
3786, 6, 237
3787, 3, 352
3788, 4, 352
3789, 5, 352
3790, 5, 340
3791, 6, 340
3792, 12, 240
3793, 13, 240
3794, 18, 161
3795, 19, 161
3796, 16, 56
3797, 18, 26
3798, 19, 26
3799, 6, 342
3800, 7, 342
3801, 8, 342
3802, 12, 356
3803, 13, 356
3804, 14, 356
3805, 1, 359
3806, 1, 360
3807, 2, 360
3808, 3, 360
3809, 1, 361
3810, 2, 361
3811, 3, 361
3812, 4, 361
3813, 5, 361
3814, 6, 361
3815, 7, 361
3816, 1, 362
3817, 2, 362
3818, 3, 362
3819, 4, 362
3820, 5, 362
3821, 6, 362
3822, 7, 362
3823, 1, 363
3824, 2, 363
3825, 3, 363
3826, 4, 363
3827, 1, 364
3828, 1, 365
3829, 2, 365
3830, 3, 365
3831, 4, 365
3832, 5, 365
3833, 6, 365
3834, 7, 365
3835, 8, 365
3836, 5, 363
3837, 6, 363
3838, 7, 363
3839, 8, 363
3840, 1, 366
3841, 2, 366
3842, 3, 366
3843, 4, 366
3844, 5, 366
3845, 6, 366
3846, 1, 367
3847, 2, 367
3848, 3, 367
3849, 4, 367
3850, 5, 367
3851, 8, 361
3852, 9, 361
3853, 10, 361
3854, 11, 361
3855, 12, 361
3856, 8, 362
3857, 9, 362
3858, 10, 362
3859, 8, 210
3860, 9, 210
3861, 10, 210
3862, 11, 210
3863, 9, 211
3864, 10, 211
3865, 11, 211
3866, 8, 344
3867, 9, 344
3868, 10, 344
3869, 11, 344
3870, 13, 166
3871, 14, 166
3872, 15, 166
3873, 7, 188
3874, 8, 188
3875, 9, 188
3876, 10, 188
3877, 4, 360
3878, 5, 360
3879, 6, 360
3880, 13, 361
3881, 14, 361
3882, 15, 361
3883, 16, 361
3884, 17, 361
3885, 18, 361
3886, 19, 361
3887, 20, 361
3888, 11, 362
3889, 12, 362
3890, 13, 362
3891, 8, 266
3892, 9, 266
3893, 10, 266
3894, 5, 262
3895, 6, 262
3896, 7, 262
3897, 15, 220
3898, 14, 220
3899, 1, 369
3900, 2, 369
3901, 3, 369
3902, 1, 370
3903, 2, 370
3904, 3, 370
3905, 1, 371
3906, 2, 371
3907, 7, 120
3908, 8, 121
3909, 1, 372
3910, 2, 372
3911, 3, 372
3912, 4, 372
3913, 5, 372
3914, 6, 372
3915, 7, 372
3916, 8, 372
3917, 1, 373
3918, 2, 373
3919, 3, 373
3920, 4, 373
3921, 5, 373
3922, 6, 373
3923, 7, 373
3924, 8, 373
3925, 9, 373
3926, 10, 373
3927, 11, 373
3928, 12, 373
3929, 13, 373
3930, 14, 373
3931, 15, 373
3932, 16, 373
3933, 21, 135
3934, 22, 135
3935, 23, 135
3936, 24, 135
3937, 25, 135
3938, 1, 374
3939, 2, 374
3940, 3, 374
3941, 4, 374
3942, 5, 374
3943, 6, 374
3944, 7, 374
3945, 8, 374
3946, 9, 374
3947, 10, 374
3948, 11, 374
3949, 16, 1
3950, 17, 1
3951, 18, 1
3952, 19, 1
3953, 18, 129
3954, 19, 129
3955, 20, 129
3956, 1, 375
3957, 3, 371
3958, 4, 371
3959, 5, 371
3960, 6, 371
3961, 7, 371
3962, 30, 134
3963, 31, 134
3964, 32, 134
3965, 33, 134
3966, 34, 134
3967, 35, 134
3968, 36, 134
3969, 37, 134
3970, 38, 134
3971, 39, 134
3972, 40, 134
3973, 13, 130
3974, 14, 130
3975, 15, 130
3976, 16, 130
3977, 17, 130
3978, 18, 130
3979, 19, 130
3980, 20, 130
3981, 14, 137
3982, 15, 137
3983, 16, 137
3984, 17, 137
3985, 18, 137
3986, 19, 137
3987, 20, 137
3988, 21, 137
3989, 22, 137
3990, 23, 137
3991, 24, 137
3992, 25, 137
3993, 10, 41
3994, 11, 41
3995, 12, 41
3996, 13, 41
3997, 14, 41
3998, 15, 41
3999, 16, 41
4000, 17, 41
4001, 18, 41
4002, 19, 41
4003, 20, 41
4004, 15, 243
4005, 16, 243
4006, 17, 243
4007, 18, 243
4008, 19, 243
4009, 20, 243
4010, 1, 376
4011, 2, 376
4012, 3, 376
4013, 4, 376
4014, 5, 376
4015, 6, 376
4016, 7, 376
4017, 8, 376
4018, 9, 376
4019, 10, 376
4020, 7, 358
4021, 1, 377
4022, 2, 377
4023, 3, 377
4024, 4, 377
4025, 5, 377
4026, 6, 377
4027, 7, 377
4028, 1, 378
4029, 2, 378
4030, 3, 378
4031, 4, 378
4032, 5, 378
4033, 6, 378
4034, 7, 378
4035, 2, 364
4036, 3, 364
4037, 4, 364
4038, 5, 364
4039, 1, 379
4040, 2, 379
4041, 3, 379
4042, 4, 379
4043, 5, 379
4044, 6, 379
4045, 7, 379
4046, 8, 379
4047, 9, 379
4048, 10, 379
4049, 11, 379
4050, 12, 379
4051, 13, 379
4052, 14, 379
4053, 1, 380
4054, 2, 380
4055, 8, 378
4056, 9, 378
4057, 10, 378
4058, 11, 378
4059, 12, 378
4060, 13, 378
4061, 14, 378
4062, 9, 365
4063, 10, 365
4064, 9, 372
4065, 10, 372
4066, 11, 372
4067, 6, 67
4068, 7, 67
4069, 8, 67
4070, 1, 381
4071, 2, 381
4072, 1, 382
4073, 2, 382
4074, 3, 382
4075, 4, 382
4076, 5, 382
4077, 1, 383
4078, 2, 383
4079, 3, 383
4080, 4, 383
4081, 5, 383
4082, 6, 383
4083, 7, 383
4084, 8, 383
4085, 6, 382
4086, 3, 381
4087, 4, 381
4088, 9, 383
4089, 10, 383
4090, 11, 383
4091, 12, 383
4092, 13, 383
4093, 1, 384
4094, 2, 384
4095, 3, 384
4096, 4, 384
4097, 5, 384
4098, 6, 384
4099, 7, 384
4100, 8, 384
4101, 9, 384
4102, 10, 384
4103, 11, 384
4104, 12, 384
4105, 13, 384
4106, 14, 384
4107, 1, 385
4108, 2, 385
4109, 3, 385
4110, 4, 385
4111, 1, 386
4112, 2, 386
4113, 3, 386
4114, 1, 387
4115, 2, 387
4116, 3, 387
4117, 1, 388
4118, 2, 388
4119, 4, 387
4120, 5, 387
4121, 6, 387
4122, 3, 388
4123, 4, 388
4124, 5, 388
4125, 1, 389
4126, 2, 389
4127, 3, 389
4128, 4, 389
4129, 5, 389
4130, 6, 389
4131, 7, 389
4132, 8, 389
4133, 9, 389
4134, 10, 389
4135, 11, 389
4136, 12, 389
4137, 15, 379
4138, 15, 379
4139, 16, 379
4140, 17, 379
4141, 1, 390
4142, 2, 390
4143, 3, 390
4144, 4, 390
4145, 5, 390
4146, 6, 390
4147, 7, 390
4156, 8, 390
4160, 15, 378
4165, 1, 391
4166, 2, 391
4167, 1, 393
4168, 2, 393
4169, 3, 393
4170, 4, 393
4171, 5, 393
4172, 6, 393
4173, 1, 394
4174, 2, 394
4175, 3, 394
4176, 4, 394
4186, 1, 395
4187, 2, 395
4188, 1, 396
4189, 2, 396
4196, 1, 397
4197, 2, 397
4198, 3, 397
4199, 864, 379
4204, 11, 365
4205, 12, 365
4206, 13, 365
4207, 14, 365
4208, 15, 36
